 CrID_1 CrID_2 CrID_3
     0.000     0.500     1.000
     0.000     0.500     1.000
     0.000     0.500     1.000
     0.000     0.500     1.000
     0.000     0.500     1.000
     0.000     0.500     1.000
     0.000     0.500     1.000
     0.000     0.500     1.000
     0.000     0.500     1.000
     0.000     0.500     1.000
     0.000     0.500     1.000
     0.000     0.500     1.000
     0.000     0.500     1.000
     0.000     0.500     1.000
     0.000     0.500     1.000
     0.000     0.500     1.000
     0.000     0.500     1.000
     0.000     0.500     1.000
     0.000     0.500     1.000
     0.000     0.500     1.000
     0.000     0.500     1.000
     0.000     0.500     1.000
     0.000     0.500     1.000
     0.000     0.500     1.000
     0.000     0.500     1.000
     0.000     0.500     1.000
     0.000     0.500     1.000
     0.000     0.500     1.000
     0.000     0.500     1.000
     0.000     0.500     1.000
     0.000     0.500     1.000
     0.000     0.500     1.000
     0.000     0.500     1.000
     0.000     0.500     1.000
     0.000     0.500     1.000
     0.000     0.500     1.000
     0.000     0.500     1.000
     0.000     0.500     1.000
     0.000     0.500     1.000
     0.000     0.500     1.000
     0.000     0.500     1.000
     0.000     0.500     1.000
     0.000     0.500     1.000
     0.000     0.500     1.000
     0.000     0.510     1.000
     0.000     0.521     1.000
     0.000     0.531     1.000
     0.000     0.542     1.000
     0.000     0.552     1.000
     0.000     0.562     1.000
     0.000     0.573     1.000
     0.000     0.583     1.000
     0.000     0.594     1.000
     0.000     0.604     1.000
     0.000     0.615     1.000
     0.000     0.625     1.000
     0.000     0.635     1.000
     0.000     0.646     1.000
     0.000     0.656     1.000
     0.000     0.667     1.000
     0.000     0.677     1.000
     0.000     0.688     1.000
     0.000     0.698     1.000
     0.000     0.708     1.000
     0.000     0.719     1.000
     0.000     0.729     1.000
     0.000     0.740     1.000
     0.000     0.750     1.000
     0.000     0.760     1.000
     0.000     0.771     1.000
     0.000     0.781     1.000
     0.000     0.792     1.000
     0.000     0.802     1.000
     0.000     0.812     1.000
     0.000     0.823     1.000
     0.000     0.833     1.000
     0.000     0.844     1.000
     0.000     0.854     1.000
     0.000     0.865     1.000
     0.000     0.875     1.000
     0.000     0.885     1.000
     0.000     0.896     1.000
     0.000     0.906     1.000
     0.000     0.917     1.000
     0.000     0.927     1.000
     0.000     0.938     1.000
     0.000     0.948     1.000
     0.000     0.958     1.000
     0.000     0.969     1.000
     0.000     0.979     1.000
     0.000     0.990     1.000
     0.000     1.000     1.000
     0.000     1.000     1.000
     0.000     1.000     1.000
     0.000     1.000     1.000
     0.000     1.000     1.000
     0.300     1.000     1.000
     0.311     1.000     1.000
     0.321     1.000     1.000
     0.332     1.000     1.000
     0.342     1.000     1.000
     0.353     1.000     1.000
     0.363     1.000     1.000
     0.374     1.000     1.000
     0.384     1.000     1.000
     0.395     1.000     1.000
     0.405     1.000     1.000
     0.416     1.000     1.000
     0.426     1.000     1.000
     0.437     1.000     1.000
     0.447     1.000     1.000
     0.458     1.000     1.000
     0.468     1.000     1.000
     0.479     1.000     1.000
     0.489     1.000     1.000
     0.500     1.000     1.000
     0.509     1.000     1.000
     0.517     1.000     1.000
     0.526     1.000     1.000
     0.534     1.000     1.000
     0.543     1.000     1.000
     0.551     1.000     1.000
     0.560     1.000     1.000
     0.568     1.000     1.000
     0.577     1.000     1.000
     0.585     1.000     1.000
     0.594     1.000     1.000
     0.602     1.000     1.000
     0.611     1.000     1.000
     0.620     1.000     1.000
     0.628     1.000     1.000
     0.637     1.000     1.000
     0.645     1.000     1.000
     0.654     1.000     1.000
     0.662     1.000     1.000
     0.671     1.000     1.000
     0.679     1.000     1.000
     0.688     1.000     1.000
     0.696     1.000     1.000
     0.705     1.000     1.000
     0.713     1.000     1.000
     0.722     1.000     1.000
     0.730     1.000     1.000
     0.739     1.000     1.000
     0.748     0.000     1.000
     0.756     0.000     1.000
     0.765     0.000     1.000
     0.773     0.000     1.000
     0.782     0.000     1.000
     0.790     0.000     1.000
     0.799     0.000     1.000
     0.807     0.000     1.000
     0.816     0.000     1.000
     0.824     0.000     1.000
     0.833     0.000     1.000
     0.841     0.000     1.000
     0.850     0.000     1.000
     0.850     0.000     1.000
     0.850     0.300     1.000
     0.850     0.320     1.000
     0.850     0.340     1.000
     0.850     0.360     1.000
     0.850     0.380     1.000
     0.850     0.400     1.000
     0.850     0.420     1.000
     0.850     0.440     1.000
     0.850     0.460     1.000
     0.850     0.480     1.000
     0.850     0.500     1.000
     0.850     0.512     1.000
     0.850     0.525     1.000
     0.850     0.537     1.000
     0.850     0.550     1.000
     0.850     0.562     1.000
     0.850     0.575     1.000
     0.850     0.588     1.000
     0.850     0.600     1.000
     0.850     0.613     1.000
     0.850     0.625     1.000
     0.850     0.637     1.000
     0.850     0.650     1.000
     0.850     0.662     1.000
     0.850     0.675     1.000
     0.850     0.688     1.000
     0.850     0.700     1.000
     0.850     0.712     1.000
     0.850     0.725     1.000
     0.850     0.738     1.000
     0.850     0.750     1.000
     0.850     0.762     1.000
     0.850     0.775     1.000
     0.850     0.787     1.000
     0.850     0.800     1.000
     0.850     0.812     1.000
     0.850     0.825     1.000
     0.850     0.838     1.000
     0.850     0.850     1.000
     0.850     0.850     1.000
     0.850     0.850     1.000
     0.850     0.850     1.000
     0.850     0.850     1.000
     0.850     0.850     1.000
     0.850     0.850     1.000
     0.850     0.850     1.000
     0.850     0.850     1.000
     0.850     0.850     1.000
     0.850     0.850     1.000
     0.850     0.850     1.000
     0.850     0.850     1.000
     0.850     0.850     1.000
     0.850     0.850     1.000
     0.850     0.850     1.000
     0.850     0.850     1.000
     0.850     0.850     1.000
     0.850     0.850     1.000
     0.850     0.850     1.000
     0.850     0.850     1.000
     0.850     0.850     1.000
     0.850     0.850     1.000
     0.850     0.850     1.000
     0.850     0.850     1.000
     0.850     0.850     1.000
     0.850     0.850     1.000
     0.850     0.850     1.000
     0.850     0.850     1.000
     0.850     0.850     1.000
     0.850     0.850     1.000
     0.850     0.850     1.000
     0.850     0.850     1.000
     0.850     0.850     1.000
     0.850     0.850     1.000
     0.850     0.850     1.000
     0.000     0.850     1.000
     0.000     0.850     1.000
     0.000     0.850     1.000
     0.000     0.850     1.000
     0.000     0.850     1.000
     0.000     0.850     1.000
     0.000     0.850     1.000
     0.000     0.850     1.000
     0.000     0.850     1.000
     0.000     0.850     1.000
     0.000     0.850     1.000
     0.000     0.850     1.000
     0.000     0.850     1.000
     0.000     0.850     1.000
     0.000     0.850     1.000
     0.000     0.850     1.000
     0.000     0.850     1.000
     0.000     0.850     1.000
     0.000     0.850     1.000
     0.000     0.850     1.000
     0.000     0.850     1.000
     0.000     0.850     1.000
     0.000     0.850     1.000
     0.000     0.850     1.000
     0.000     0.850     1.000
     0.000     0.850     1.000
     0.000     0.000     1.000
     0.000     0.000     1.000
     0.000     0.000     1.000
     0.000     0.000     1.000
     0.000     0.000     1.000
     0.000     0.000     1.000
     0.000     0.000     1.000
     0.000     0.000     1.000
     0.000     0.000     1.000
     0.000     0.000     1.000
     0.000     0.000     1.000
     0.000     0.000     1.000
     0.000     0.000     1.000
     0.000     0.000     1.000
     0.000     0.000     1.000
     0.000     0.000     1.000
     0.000     0.000     1.000
     0.000     0.000     1.000
     0.000     0.000     1.000
     0.000     0.000     1.000
     0.000     0.000     1.000
     0.000     0.000     1.000
     0.000     0.000     1.000
     0.000     0.000     1.000
     0.000     0.000     1.000
     0.000     0.000     1.000
     0.000     0.000     1.000
     0.000     0.000     1.000
     0.000     0.000     1.000
     0.000     0.000     1.000
     0.000     0.000     1.000
     0.000     0.000     1.000
     0.000     0.000     1.000
     0.000     0.000     1.000
     0.000     0.000     1.000
     0.000     0.000     1.000
     0.000     0.000     1.000
     0.000     0.000     1.000
     0.000     0.000     1.000
     0.000     0.250     1.000
     0.000     0.500     1.000
     0.000     0.500     1.000
     0.000     0.500     1.000
     0.000     0.500     1.000
     0.000     0.500     1.000
     0.000     0.500     1.000
     0.000     0.500     1.000
     0.000     0.500     1.000
     0.000     0.500     1.000
     0.000     0.500     1.000
     0.000     0.500     1.000
     0.000     0.500     1.000
     0.000     0.500     1.000
     0.000     0.500     1.000
     0.000     0.500     1.000
     0.000     0.500     1.000
     0.000     0.500     1.000
     0.000     0.500     1.000
     0.000     0.500     1.000
     0.000     0.500     1.000
     0.000     0.500     1.000
     0.000     0.500     1.000
     0.000     0.500     1.000
     0.000     0.500     1.000
     0.000     0.500     1.000
     0.000     0.500     1.000
     0.000     0.500     1.000
     0.000     0.500     1.000
     0.000     0.500     1.000
     0.000     0.500     1.000
     0.000     0.500     1.000
     0.000     0.500     1.000
     0.000     0.500     1.000
     0.000     0.500     1.000
     0.000     0.500     1.000
     0.000     0.500     1.000
     0.000     0.500     1.000
     0.000     0.500     1.000
     0.000     0.500     1.000
     0.000     0.500     1.000
     0.000     0.500     1.000
     0.000     0.500     1.000
     0.000     0.500     1.000
     0.000     0.500     1.000
     0.000     0.500     1.000
     0.000     0.500     1.000
     0.000     0.500     1.000
     0.000     0.500     1.000
     0.000     0.500     1.000
     0.000     0.500     1.000
     0.000     0.500     1.000
     0.000     0.500     1.000
     0.000     0.500     1.000
     0.000     0.500     1.000
     0.000     0.500     1.000
     0.000     0.500     1.000
     0.000     0.500     1.000
     0.000     0.500     1.000
     0.000     0.500     1.000
     0.000     0.500     1.000
     0.000     0.500     1.000
     0.000     0.500     1.000
     0.000     0.500     1.000
     0.000     0.500     1.000
     0.000     0.500     1.000
     0.000     0.500     1.000
     0.000     0.500     1.000
     0.000     0.500     1.000
